Start: 2024-08-03 16:13:17.740767, End: 2024-08-03 16:13:21.150388, Duration: 0:00:03.409621
Start: 2024-08-03 16:16:39.852921, End: 2024-08-03 16:16:42.150105, Duration: 0:00:02.297184
